10
3
1 2 3
3
2 1 2
6
101 101 35 36 35 36
7
34 35 34 36 34 35 54
8
123 321 123 321 345 543 345 543
10
33 44 55 33 66 77 55 66 33 88
16
11 12 33 54 1234 1234 5678 5678 789 876 456 345 345 234 234 11
20
11 11 22 45 45 68 89 22 56 68 45 34 24 45 24 68 68 56 56 89
26
45 45 67 66 567 567 435 12345 12345 567 567 7879 789 567 456 345 234 123 4532 5436 5436 5436 45 45 45 567
36
123456789 987654321 213456789 321456789 456789 54326789 123459876 2345678 9876543 12345675432 213456789 213456789 213456789 213456789 456789 456789 456789 456789 54326789 54326789 54326789 1 2 3 6 5 4 2345678 2345678 2345678 2345678 2345678 2345678 56 54 42
